31 24
57 13
239 1
236 13
24 24
230 2
34 22
71 29
134 11
32 15
101 20
227 29
124 16
103 23
73 19
61 15
156 19
203 24
1 1
57 17
213 8
10 30
201 11
238 26
139 32
162 27
3 1
48 30
92 16
240 30
202 11
118 12
121 6
103 16
63 7
202 31
148 17
224 10
143 22
34 16
83 11
20 7
37 1
62 7
69 23
246 18
157 16
81 30
137 32
205 28
46 12
76 20
116 22
245 23
113 32
244 31
177 15
233 27
34 8
45 32
150 5
75 31
6 14
38 8
191 8
45 18
147 29
31 14
124 2
224 28
155 9
236 11
82 30
248 7
215 6
170 2
36 22
170 29
1 1
137 15
50 7
29 20
107 5
162 20
38 5
169 7
56 8
227 5
223 22
205 9
220 16
153 5
219 10
250 8
233 6
114 6
20 22
182 15
155 27
208 32
0 0
